\\Mac\Home\Desktop\vfx_hw2_image_stitching\image\library\1.JPG
764 1148

1 0 573.5 
0 1 381.5 
0 0 1 

0.999154 -0.024969 -0.032683 
0.0249556 0.999688 -0.000816276 
0.0326932 -4.47952e-009 0.999465 

2361.16

\\Mac\Home\Desktop\vfx_hw2_image_stitching\image\library\2.JPG
764 1148

1 0 573.5 
0 1 381.5 
0 0 1 

0.999552 0.0029846 -0.0297745 
0.00295192 0.980325 0.197367 
0.0297778 -0.197366 0.979877 

2275.55

\\Mac\Home\Desktop\vfx_hw2_image_stitching\image\library\3.JPG
764 1148

1 0 573.5 
0 1 381.5 
0 0 1 

0.999669 0.00664154 -0.0248514 
0.00157938 0.948424 0.317 
0.0256749 -0.316934 0.948099 

2244.07

\\Mac\Home\Desktop\vfx_hw2_image_stitching\image\library\4.JPG
764 1148

1 0 573.5 
0 1 381.5 
0 0 1 

0.999766 0.00398283 -0.0212582 
0.00656756 0.88058 0.473852 
0.0206068 -0.473881 0.880348 

2271.81

\\Mac\Home\Desktop\vfx_hw2_image_stitching\image\library\5.JPG
764 1148

1 0 573.5 
0 1 381.5 
0 0 1 

0.999736 0.0216383 -0.00767989 
-0.0123963 0.790204 0.612718 
0.019327 -0.612462 0.790264 

2264.61

\\Mac\Home\Desktop\vfx_hw2_image_stitching\image\library\6.JPG
764 1148

1 0 573.5 
0 1 381.5 
0 0 1 

0.998615 0.0465162 0.0245728 
-0.048911 0.648928 0.759276 
0.0193727 -0.759426 0.650305 

2236.18

\\Mac\Home\Desktop\vfx_hw2_image_stitching\image\library\7.JPG
764 1148

1 0 573.5 
0 1 381.5 
0 0 1 

0.993984 0.0780855 0.0768 
-0.102627 0.419125 0.90211 
0.0382529 -0.904564 0.424618 

2144.07

\\Mac\Home\Desktop\vfx_hw2_image_stitching\image\library\8.JPG
764 1148

1 0 573.5 
0 1 381.5 
0 0 1 

0.99451 -0.0981584 -0.0362659 
-0.0559863 -0.206313 -0.976883 
0.0884072 0.97355 -0.210676 

1713.42

\\Mac\Home\Desktop\vfx_hw2_image_stitching\image\library\9.JPG
764 1148

1 0 573.5 
0 1 381.5 
0 0 1 

0.993546 -0.0992185 -0.0549744 
-0.0569324 -0.0170109 -0.998233 
0.098108 0.99492 -0.0225496 

1670.48

\\Mac\Home\Desktop\vfx_hw2_image_stitching\image\library\10.JPG
764 1148

1 0 573.5 
0 1 381.5 
0 0 1 

0.993676 -0.0962302 -0.0578654 
-0.0389583 0.187867 -0.981421 
0.105313 0.977469 0.18293 

1641.52

\\Mac\Home\Desktop\vfx_hw2_image_stitching\image\library\11.JPG
764 1148

1 0 573.5 
0 1 381.5 
0 0 1 

0.995669 -0.0762146 -0.0532427 
-0.0226098 0.356991 -0.933834 
0.0901789 0.930993 0.353721 

1632.29

\\Mac\Home\Desktop\vfx_hw2_image_stitching\image\library\12.JPG
764 1148

1 0 573.5 
0 1 381.5 
0 0 1 

0.99652 -0.0662284 -0.0506116 
-0.0093205 0.514849 -0.85723 
0.0828303 0.854718 0.512441 

1635.37

\\Mac\Home\Desktop\vfx_hw2_image_stitching\image\library\13.JPG
764 1148

1 0 573.5 
0 1 381.5 
0 0 1 

0.996467 -0.0785826 -0.029631 
0.0305193 0.667525 -0.743962 
0.0782418 0.740429 0.667565 

1627.81

\\Mac\Home\Desktop\vfx_hw2_image_stitching\image\library\14.JPG
764 1148

1 0 573.5 
0 1 381.5 
0 0 1 

0.997094 -0.0686247 -0.0330886 
0.0356627 0.804219 -0.593263 
0.0673229 0.590358 0.804329 

1618

\\Mac\Home\Desktop\vfx_hw2_image_stitching\image\library\15.JPG
764 1148

1 0 573.5 
0 1 381.5 
0 0 1 

0.998573 -0.0175856 -0.0504234 
0.00158992 0.953596 -0.301087 
0.0533783 0.300577 0.952263 

1537.52

\\Mac\Home\Desktop\vfx_hw2_image_stitching\image\library\0.JPG
764 1148

1 0 573.5 
0 1 381.5 
0 0 1 

0.997652 -0.0206451 -0.0652944 
0.0066715 0.97824 -0.207369 
0.0681547 0.206447 0.976081 

1503.8

