\\Mac\Home\Desktop\vfx_hw2_image_stitching\image\book\DSC04214.JPG
611 918

1 0 458.5 
0 1 305 
0 0 1 

0.998845 -0.029205 0.0381421 
0.0291837 0.999573 0.00111444 
-0.0381584 -9.37222e-009 0.999272 

996.973

\\Mac\Home\Desktop\vfx_hw2_image_stitching\image\book\DSC04215.JPG
611 918

1 0 458.5 
0 1 305 
0 0 1 

0.998578 -0.036122 0.0392091 
0.0292601 0.986142 0.163302 
-0.0445646 -0.161923 0.985797 

996.85

\\Mac\Home\Desktop\vfx_hw2_image_stitching\image\book\DSC04216.JPG
611 918

1 0 458.5 
0 1 305 
0 0 1 

0.998654 -0.0218447 0.0470328 
0.00488001 0.942512 0.334137 
-0.0516281 -0.333458 0.94135 

996.456

\\Mac\Home\Desktop\vfx_hw2_image_stitching\image\book\DSC04217.JPG
611 918

1 0 458.5 
0 1 305 
0 0 1 

0.998853 -0.0259736 0.0402351 
0.0025416 0.867716 0.497053 
-0.0478229 -0.49638 0.866787 

995.149

\\Mac\Home\Desktop\vfx_hw2_image_stitching\image\book\DSC04218.JPG
611 918

1 0 458.5 
0 1 305 
0 0 1 

0.998955 -0.0336005 0.0309878 
0.0061406 0.770457 0.637463 
-0.0452938 -0.636606 0.769858 

993.881

\\Mac\Home\Desktop\vfx_hw2_image_stitching\image\book\DSC04219.JPG
611 918

1 0 458.5 
0 1 305 
0 0 1 

0.999176 -0.0306623 0.0265998 
-0.000610409 0.643871 0.765134 
-0.0405876 -0.76452 0.643321 

991.926

\\Mac\Home\Desktop\vfx_hw2_image_stitching\image\book\DSC04220.JPG
611 918

1 0 458.5 
0 1 305 
0 0 1 

0.999316 -0.0160407 0.033327 
-0.0195472 0.535896 0.844058 
-0.0313991 -0.844132 0.535215 

989.92

\\Mac\Home\Desktop\vfx_hw2_image_stitching\image\book\DSC04221.JPG
611 918

1 0 458.5 
0 1 305 
0 0 1 

0.999562 -0.0251453 0.0155823 
-0.00443891 0.393292 0.919403 
-0.029247 -0.91907 0.393008 

989.77

\\Mac\Home\Desktop\vfx_hw2_image_stitching\image\book\DSC04222.JPG
611 918

1 0 458.5 
0 1 305 
0 0 1 

0.999591 -0.027523 0.0077154 
-0.00157437 0.216499 0.976282 
-0.0285405 -0.975895 0.216368 

990.198

\\Mac\Home\Desktop\vfx_hw2_image_stitching\image\book\DSC04223.JPG
611 918

1 0 458.5 
0 1 305 
0 0 1 

0.99962 -0.0271601 0.00467438 
-0.00404235 0.0232804 0.999721 
-0.0272614 -0.99936 0.0231619 

989.312

\\Mac\Home\Desktop\vfx_hw2_image_stitching\image\book\DSC04224.JPG
611 918

1 0 458.5 
0 1 305 
0 0 1 

0.999542 -0.0273017 -0.0130435 
0.00801656 -0.176723 0.984228 
-0.0291762 -0.983882 -0.176423 

989.156

\\Mac\Home\Desktop\vfx_hw2_image_stitching\image\book\DSC04225.JPG
611 918

1 0 458.5 
0 1 305 
0 0 1 

0.999524 -0.0246619 -0.0185217 
0.00805961 -0.370808 0.928675 
-0.0297709 -0.928382 -0.370433 

988.376

\\Mac\Home\Desktop\vfx_hw2_image_stitching\image\book\DSC04226.JPG
611 918

1 0 458.5 
0 1 305 
0 0 1 

0.999366 -0.0221204 -0.02788 
0.0112793 -0.546134 0.837622 
-0.0337548 -0.837406 -0.545539 

985.013

\\Mac\Home\Desktop\vfx_hw2_image_stitching\image\book\DSC04227.JPG
611 918

1 0 458.5 
0 1 305 
0 0 1 

0.99938 -0.0146935 -0.0319716 
0.0108183 -0.73631 0.676558 
-0.033482 -0.676485 -0.735695 

983.38

\\Mac\Home\Desktop\vfx_hw2_image_stitching\image\book\DSC04228.JPG
611 918

1 0 458.5 
0 1 305 
0 0 1 

0.999605 -0.00999089 -0.0262623 
0.00497094 -0.857029 0.515243 
-0.0276554 -0.515171 -0.856641 

984.445

\\Mac\Home\Desktop\vfx_hw2_image_stitching\image\book\DSC04229.JPG
611 918

1 0 458.5 
0 1 305 
0 0 1 

0.999576 -0.00628736 -0.0284154 
0.00173575 -0.961766 0.273866 
-0.0290509 -0.2738 -0.961348 

980.373

\\Mac\Home\Desktop\vfx_hw2_image_stitching\image\book\DSC04230.JPG
611 918

1 0 458.5 
0 1 305 
0 0 1 

0.999726 0.00175882 -0.02333 
0.00369807 -0.996514 0.0833425 
-0.0231021 -0.0834061 -0.996248 

975.401

\\Mac\Home\Desktop\vfx_hw2_image_stitching\image\book\DSC04231.JPG
611 918

1 0 458.5 
0 1 305 
0 0 1 

0.999535 0.0214802 -0.0216055 
0.0158715 -0.972454 -0.232552 
-0.0260057 0.232101 -0.972344 

967.236

\\Mac\Home\Desktop\vfx_hw2_image_stitching\image\book\DSC04232.JPG
611 918

1 0 458.5 
0 1 305 
0 0 1 

0.999783 0.0163366 -0.0128499 
0.00764781 -0.864011 -0.503415 
-0.0193265 0.503207 -0.863949 

962.641

\\Mac\Home\Desktop\vfx_hw2_image_stitching\image\book\DSC04233.JPG
611 918

1 0 458.5 
0 1 305 
0 0 1 

0.999786 0.0198737 -0.0056979 
0.010586 -0.728832 -0.684611 
-0.0177586 0.684404 -0.728886 

960.178

\\Mac\Home\Desktop\vfx_hw2_image_stitching\image\book\DSC04234.JPG
611 918

1 0 458.5 
0 1 305 
0 0 1 

0.99996 0.00870921 -0.00156594 
0.00368432 -0.570671 -0.821171 
-0.00804542 0.821132 -0.570681 

960.915

\\Mac\Home\Desktop\vfx_hw2_image_stitching\image\book\DSC04235.JPG
611 918

1 0 458.5 
0 1 305 
0 0 1 

0.999972 0.00514282 0.00528337 
0.00669942 -0.334519 -0.942365 
-0.00307907 0.942374 -0.334545 

959.289

\\Mac\Home\Desktop\vfx_hw2_image_stitching\image\book\DSC04236.JPG
611 918

1 0 458.5 
0 1 305 
0 0 1 

0.999935 0.000811765 0.0112828 
0.0113105 -0.08785 -0.99607 
0.000182578 0.996133 -0.0878537 

967.933

\\Mac\Home\Desktop\vfx_hw2_image_stitching\image\book\DSC04237.JPG
611 918

1 0 458.5 
0 1 305 
0 0 1 

0.999983 -0.00400982 -0.00399999 
-0.00298651 0.22677 -0.973944 
0.00481237 0.97394 0.226754 

990.47

\\Mac\Home\Desktop\vfx_hw2_image_stitching\image\book\DSC04238.JPG
611 918

1 0 458.5 
0 1 305 
0 0 1 

0.999972 -0.0014893 -0.00733417 
-0.00535425 0.542323 -0.840153 
0.00522874 0.840169 0.5423 

1005.35

\\Mac\Home\Desktop\vfx_hw2_image_stitching\image\book\DSC04239.JPG
611 918

1 0 458.5 
0 1 305 
0 0 1 

0.999904 -0.000795818 -0.0138087 
-0.00919372 0.70764 -0.706514 
0.0103339 0.706573 0.707565 

1003.61

\\Mac\Home\Desktop\vfx_hw2_image_stitching\image\book\DSC04240.JPG
611 918

1 0 458.5 
0 1 305 
0 0 1 

0.999776 0.00154771 -0.0211123 
-0.0128022 0.838479 -0.544783 
0.016859 0.544932 0.838311 

1002.62

\\Mac\Home\Desktop\vfx_hw2_image_stitching\image\book\DSC04241.JPG
611 918

1 0 458.5 
0 1 305 
0 0 1 

0.999894 -0.00693936 -0.0128131 
0.00231396 0.943781 -0.330562 
0.0143867 0.330497 0.943697 

1000.39

\\Mac\Home\Desktop\vfx_hw2_image_stitching\image\book\DSC04242.JPG
611 918

1 0 458.5 
0 1 305 
0 0 1 

0.99987 -0.00576754 -0.0150288 
0.00285674 0.982368 -0.186936 
0.015842 0.186869 0.982257 

998.421

\\Mac\Home\Desktop\vfx_hw2_image_stitching\image\book\DSC04213.JPG
611 918

1 0 458.5 
0 1 305 
0 0 1 

0.998948 -0.0145155 0.0434978 
0.0230422 0.979018 -0.202468 
-0.0396461 0.203258 0.978322 

998.448

