\\Mac\Home\Desktop\vfx_hw2_image_stitching\image\denny\denny01.jpg
480 640

1 0 319.5 
0 1 239.5 
0 0 1 

0.980739 -0.0229417 0.193971 
0.0225058 0.999737 0.00445118 
-0.194022 -8.35647e-008 0.980997 

657.196

\\Mac\Home\Desktop\vfx_hw2_image_stitching\image\denny\denny02.jpg
480 640

1 0 319.5 
0 1 239.5 
0 0 1 

0.981198 0.0420214 0.188373 
0.031884 0.927309 -0.372937 
-0.190351 0.371931 0.908534 

660.326

\\Mac\Home\Desktop\vfx_hw2_image_stitching\image\denny\denny03.jpg
480 640

1 0 319.5 
0 1 239.5 
0 0 1 

0.983837 0.104688 0.145274 
0.0333052 0.690154 -0.722896 
-0.17594 0.71605 0.675513 

664.902

\\Mac\Home\Desktop\vfx_hw2_image_stitching\image\denny\denny04.jpg
480 640

1 0 319.5 
0 1 239.5 
0 0 1 

0.990193 0.106876 0.08997 
0.0481894 0.343184 -0.938031 
-0.131129 0.933168 0.334668 

669.494

\\Mac\Home\Desktop\vfx_hw2_image_stitching\image\denny\denny05.jpg
480 640

1 0 319.5 
0 1 239.5 
0 0 1 

0.992987 0.110137 0.0429761 
0.0481756 -0.04499 -0.997825 
-0.107964 0.992898 -0.0499804 

668.676

\\Mac\Home\Desktop\vfx_hw2_image_stitching\image\denny\denny06.jpg
480 640

1 0 319.5 
0 1 239.5 
0 0 1 

0.997561 0.0611001 -0.0337569 
0.00773545 -0.577368 -0.816447 
-0.0693752 0.814194 -0.576433 

646.782

\\Mac\Home\Desktop\vfx_hw2_image_stitching\image\denny\denny07.jpg
480 640

1 0 319.5 
0 1 239.5 
0 0 1 

0.997906 0.0361508 -0.0536308 
0.00113266 -0.838848 -0.544365 
-0.0646673 0.543164 -0.837133 

648.163

\\Mac\Home\Desktop\vfx_hw2_image_stitching\image\denny\denny08.jpg
480 640

1 0 319.5 
0 1 239.5 
0 0 1 

0.998118 0.0296488 -0.0536758 
0.0195913 -0.983648 -0.179031 
-0.0581062 0.177643 -0.982378 

647.975

\\Mac\Home\Desktop\vfx_hw2_image_stitching\image\denny\denny09.jpg
480 640

1 0 319.5 
0 1 239.5 
0 0 1 

0.998538 0.00950708 -0.0532077 
0.0205696 -0.977178 0.211425 
-0.0499833 -0.212211 -0.975945 

651.87

\\Mac\Home\Desktop\vfx_hw2_image_stitching\image\denny\denny10.jpg
480 640

1 0 319.5 
0 1 239.5 
0 0 1 

0.999393 0.00419144 -0.034588 
0.0231713 -0.821329 0.569984 
-0.0260191 -0.57044 -0.820927 

650.493

\\Mac\Home\Desktop\vfx_hw2_image_stitching\image\denny\denny11.jpg
480 640

1 0 319.5 
0 1 239.5 
0 0 1 

0.998622 0.0155624 -0.0501226 
0.0517429 -0.451767 0.890634 
-0.00878335 -0.892 -0.451949 

646.004

\\Mac\Home\Desktop\vfx_hw2_image_stitching\image\denny\denny12.jpg
480 640

1 0 319.5 
0 1 239.5 
0 0 1 

0.998008 0.0187879 -0.0602249 
0.0606756 -0.0244115 0.997859 
0.0172776 -0.999525 -0.0255028 

647.201

\\Mac\Home\Desktop\vfx_hw2_image_stitching\image\denny\denny13.jpg
480 640

1 0 319.5 
0 1 239.5 
0 0 1 

0.998427 0.0352431 -0.0436036 
0.0288315 0.344262 0.938431 
0.0480843 -0.938212 0.342704 

648.786

\\Mac\Home\Desktop\vfx_hw2_image_stitching\image\denny\denny14.jpg
480 640

1 0 319.5 
0 1 239.5 
0 0 1 

0.999725 0.0234145 0.000553613 
-0.0165536 0.689674 0.72393 
0.0165687 -0.723741 0.689873 

654.027

\\Mac\Home\Desktop\vfx_hw2_image_stitching\image\denny\denny00.jpg
480 640

1 0 319.5 
0 1 239.5 
0 0 1 

0.97969 -0.0793214 0.184158 
0.000810348 0.919986 0.39195 
-0.200513 -0.38384 0.901366 

654.383

