\\Mac\Home\Desktop\vfx_hw2_image_stitching\image\parrington\prtn01.jpg
384 512

1 0 255.5 
0 1 191.5 
0 0 1 

0.999744 0.0179697 0.0137184 
-0.017968 0.999838 -0.000246489 
-0.0137206 -1.49324e-008 0.999906 

706.432

\\Mac\Home\Desktop\vfx_hw2_image_stitching\image\parrington\prtn02.jpg
384 512

1 0 255.5 
0 1 191.5 
0 0 1 

0.999741 0.0128542 0.0187832 
-0.0184763 0.940264 0.339944 
-0.0132914 -0.340203 0.940258 

705.925

\\Mac\Home\Desktop\vfx_hw2_image_stitching\image\parrington\prtn03.jpg
384 512

1 0 255.5 
0 1 191.5 
0 0 1 

0.99976 0.00504907 0.0213105 
-0.0174599 0.771159 0.636404 
-0.0132205 -0.636623 0.771062 

706.762

\\Mac\Home\Desktop\vfx_hw2_image_stitching\image\parrington\prtn04.jpg
384 512

1 0 255.5 
0 1 191.5 
0 0 1 

0.99978 -0.00307216 0.0207424 
-0.0163992 0.501888 0.864777 
-0.0130671 -0.864927 0.501727 

706.706

\\Mac\Home\Desktop\vfx_hw2_image_stitching\image\parrington\prtn05.jpg
384 512

1 0 255.5 
0 1 191.5 
0 0 1 

0.999773 -0.0104717 0.018535 
-0.016321 0.181983 0.983166 
-0.0136684 -0.983246 0.181771 

705.674

\\Mac\Home\Desktop\vfx_hw2_image_stitching\image\parrington\prtn06.jpg
384 512

1 0 255.5 
0 1 191.5 
0 0 1 

0.999741 -0.0165327 0.0156177 
-0.0182467 -0.173165 0.984724 
-0.0135757 -0.984754 -0.173422 

705.299

\\Mac\Home\Desktop\vfx_hw2_image_stitching\image\parrington\prtn07.jpg
384 512

1 0 255.5 
0 1 191.5 
0 0 1 

0.999759 -0.0201253 0.00874077 
-0.017564 -0.495303 0.868542 
-0.0131503 -0.868487 -0.495538 

704.665

\\Mac\Home\Desktop\vfx_hw2_image_stitching\image\parrington\prtn08.jpg
384 512

1 0 255.5 
0 1 191.5 
0 0 1 

0.999769 -0.0214599 0.000687064 
-0.0168605 -0.764874 0.64396 
-0.0132938 -0.643823 -0.765059 

703.762

\\Mac\Home\Desktop\vfx_hw2_image_stitching\image\parrington\prtn09.jpg
384 512

1 0 255.5 
0 1 191.5 
0 0 1 

0.999739 -0.0220729 -0.0058169 
-0.0187419 -0.939214 0.342821 
-0.0130303 -0.342622 -0.939383 

704.276

\\Mac\Home\Desktop\vfx_hw2_image_stitching\image\parrington\prtn10.jpg
384 512

1 0 255.5 
0 1 191.5 
0 0 1 

0.999718 -0.0202611 -0.0123966 
-0.0201681 -0.999768 0.00758236 
-0.0125473 -0.00733025 -0.999894 

704.601

\\Mac\Home\Desktop\vfx_hw2_image_stitching\image\parrington\prtn11.jpg
384 512

1 0 255.5 
0 1 191.5 
0 0 1 

0.999829 -0.00869635 -0.016312 
-0.0137532 -0.939568 -0.342086 
-0.0123514 0.342251 -0.939527 

703.793

\\Mac\Home\Desktop\vfx_hw2_image_stitching\image\parrington\prtn12.jpg
384 512

1 0 255.5 
0 1 191.5 
0 0 1 

0.999786 -0.0037188 -0.020341 
-0.0159489 -0.764782 -0.644091 
-0.0131612 0.644278 -0.764677 

704.218

\\Mac\Home\Desktop\vfx_hw2_image_stitching\image\parrington\prtn13.jpg
384 512

1 0 255.5 
0 1 191.5 
0 0 1 

0.999777 0.00351888 -0.0208335 
-0.0162201 -0.504052 -0.86352 
-0.0135398 0.863666 -0.503882 

704.604

\\Mac\Home\Desktop\vfx_hw2_image_stitching\image\parrington\prtn14.jpg
384 512

1 0 255.5 
0 1 191.5 
0 0 1 

0.999732 0.010294 -0.0207104 
-0.0186345 -0.171853 -0.984946 
-0.0136982 0.985068 -0.171616 

704.737

\\Mac\Home\Desktop\vfx_hw2_image_stitching\image\parrington\prtn15.jpg
384 512

1 0 255.5 
0 1 191.5 
0 0 1 

0.999739 0.0161392 -0.0161957 
-0.0187678 0.174676 -0.984447 
-0.0130592 0.984493 0.174933 

704.423

\\Mac\Home\Desktop\vfx_hw2_image_stitching\image\parrington\prtn16.jpg
384 512

1 0 255.5 
0 1 191.5 
0 0 1 

0.999737 0.020514 -0.0102345 
-0.0190799 0.497039 -0.867518 
-0.0127093 0.867485 0.4973 

704.986

\\Mac\Home\Desktop\vfx_hw2_image_stitching\image\parrington\prtn17.jpg
384 512

1 0 255.5 
0 1 191.5 
0 0 1 

0.999764 0.021634 -0.0018119 
-0.0178254 0.770384 -0.637331 
-0.0123922 0.637213 0.770588 

705.459

\\Mac\Home\Desktop\vfx_hw2_image_stitching\image\parrington\prtn00.jpg
384 512

1 0 255.5 
0 1 191.5 
0 0 1 

0.999826 0.016981 0.00772801 
-0.0133238 0.93984 -0.341355 
-0.0130596 0.341193 0.939902 

704.917

