\\Mac\Home\Desktop\vfx_hw2_image_stitching\image\bookshelf\DSC04143.JPG
382 574

1 0 286.5 
0 1 190.5 
0 0 1 

0.999737 -0.0107266 -0.0202799 
0.0107244 0.999942 -0.000217559 
0.020281 4.20758e-008 0.999794 

573.662

\\Mac\Home\Desktop\vfx_hw2_image_stitching\image\bookshelf\DSC04144.JPG
382 574

1 0 286.5 
0 1 190.5 
0 0 1 

0.999642 0.000513186 -0.0267377 
0.00553232 0.974219 0.225535 
0.0261641 -0.225602 0.973868 

573.95

\\Mac\Home\Desktop\vfx_hw2_image_stitching\image\bookshelf\DSC04145.JPG
382 574

1 0 286.5 
0 1 190.5 
0 0 1 

0.999823 0.0145326 -0.0119557 
-0.00781003 0.898463 0.438979 
0.0171212 -0.438808 0.898417 

573.77

\\Mac\Home\Desktop\vfx_hw2_image_stitching\image\bookshelf\DSC04146.JPG
382 574

1 0 286.5 
0 1 190.5 
0 0 1 

0.999596 0.0282779 0.00278135 
-0.0239391 0.785386 0.618543 
0.0153066 -0.61836 0.785746 

573.934

\\Mac\Home\Desktop\vfx_hw2_image_stitching\image\bookshelf\DSC04147.JPG
382 574

1 0 286.5 
0 1 190.5 
0 0 1 

0.999238 0.0388165 0.00415141 
-0.0261772 0.587357 0.808904 
0.0289605 -0.808396 0.587926 

573.351

\\Mac\Home\Desktop\vfx_hw2_image_stitching\image\bookshelf\DSC04148.JPG
382 574

1 0 286.5 
0 1 190.5 
0 0 1 

0.999329 0.036055 0.00640572 
-0.0188335 0.356013 0.934291 
0.0314053 -0.933785 0.356453 

574.179

\\Mac\Home\Desktop\vfx_hw2_image_stitching\image\bookshelf\DSC04149.JPG
382 574

1 0 286.5 
0 1 190.5 
0 0 1 

0.999112 0.0376571 0.0189092 
-0.0200624 0.0304848 0.999334 
0.0370556 -0.998825 0.0312134 

580.133

\\Mac\Home\Desktop\vfx_hw2_image_stitching\image\bookshelf\DSC04150.JPG
382 574

1 0 286.5 
0 1 190.5 
0 0 1 

0.998746 0.036342 0.0344255 
-0.025871 -0.214009 0.976489 
0.0428548 -0.976155 -0.2128 

580.094

\\Mac\Home\Desktop\vfx_hw2_image_stitching\image\bookshelf\DSC04151.JPG
382 574

1 0 286.5 
0 1 190.5 
0 0 1 

0.998984 0.0295857 0.0339786 
-0.0204442 -0.374381 0.927049 
0.0401482 -0.926803 -0.373396 

578.775

\\Mac\Home\Desktop\vfx_hw2_image_stitching\image\bookshelf\DSC04152.JPG
382 574

1 0 286.5 
0 1 190.5 
0 0 1 

0.998889 0.0259633 0.0393157 
-0.0187678 -0.546134 0.837488 
0.0432154 -0.837295 -0.54504 

577.19

\\Mac\Home\Desktop\vfx_hw2_image_stitching\image\bookshelf\DSC04153.JPG
382 574

1 0 286.5 
0 1 190.5 
0 0 1 

0.998867 0.0173353 0.0443164 
-0.0197503 -0.696259 0.717519 
0.043294 -0.717581 -0.695127 

575.806

\\Mac\Home\Desktop\vfx_hw2_image_stitching\image\bookshelf\DSC04154.JPG
382 574

1 0 286.5 
0 1 190.5 
0 0 1 

0.998981 0.000711634 0.0451154 
-0.0200631 -0.888586 0.45827 
0.0404149 -0.458709 -0.887667 

576.614

\\Mac\Home\Desktop\vfx_hw2_image_stitching\image\bookshelf\DSC04155.JPG
382 574

1 0 286.5 
0 1 190.5 
0 0 1 

0.999164 0.000130215 0.0408688 
-0.00709717 -0.984248 0.176648 
0.040248 -0.176791 -0.983425 

575.826

\\Mac\Home\Desktop\vfx_hw2_image_stitching\image\bookshelf\DSC04156.JPG
382 574

1 0 286.5 
0 1 190.5 
0 0 1 

0.999547 -0.0103947 0.0282268 
-0.00420192 -0.977443 -0.211154 
0.029785 0.21094 -0.977045 

573.494

\\Mac\Home\Desktop\vfx_hw2_image_stitching\image\bookshelf\DSC04157.JPG
382 574

1 0 286.5 
0 1 190.5 
0 0 1 

0.999402 -0.0257253 0.0230871 
-0.012137 -0.886551 -0.46247 
0.0323651 0.461913 -0.886334 

572.39

\\Mac\Home\Desktop\vfx_hw2_image_stitching\image\bookshelf\DSC04158.JPG
382 574

1 0 286.5 
0 1 190.5 
0 0 1 

0.999204 -0.038404 0.0108117 
-0.0195651 -0.707836 -0.706106 
0.0347702 0.705332 -0.708024 

571.988

\\Mac\Home\Desktop\vfx_hw2_image_stitching\image\bookshelf\DSC04159.JPG
382 574

1 0 286.5 
0 1 190.5 
0 0 1 

0.999051 -0.043496 0.00226423 
-0.0203407 -0.511908 -0.858799 
0.0385134 0.857938 -0.512307 

575.027

\\Mac\Home\Desktop\vfx_hw2_image_stitching\image\bookshelf\DSC04160.JPG
382 574

1 0 286.5 
0 1 190.5 
0 0 1 

0.998929 -0.0462074 -0.00261407 
-0.0160834 -0.293626 -0.955785 
0.0433968 0.954803 -0.294054 

578.992

\\Mac\Home\Desktop\vfx_hw2_image_stitching\image\bookshelf\DSC04161.JPG
382 574

1 0 286.5 
0 1 190.5 
0 0 1 

0.998756 -0.0457089 -0.0199358 
-0.0257301 -0.129906 -0.991192 
0.0427165 0.990472 -0.130921 

579.407

\\Mac\Home\Desktop\vfx_hw2_image_stitching\image\bookshelf\DSC04162.JPG
382 574

1 0 286.5 
0 1 190.5 
0 0 1 

0.999055 -0.0422288 -0.0102476 
-0.00481426 0.126811 -0.991915 
0.0431869 0.991028 0.126488 

578.564

\\Mac\Home\Desktop\vfx_hw2_image_stitching\image\bookshelf\DSC04163.JPG
382 574

1 0 286.5 
0 1 190.5 
0 0 1 

0.999066 -0.0313243 -0.0297679 
-0.0182086 0.319565 -0.947389 
0.0391891 0.947046 0.318696 

579.076

\\Mac\Home\Desktop\vfx_hw2_image_stitching\image\bookshelf\DSC04164.JPG
382 574

1 0 286.5 
0 1 190.5 
0 0 1 

0.998887 -0.0253941 -0.0397431 
-0.0207071 0.520971 -0.853323 
0.0423744 0.853197 0.519866 

578.417

\\Mac\Home\Desktop\vfx_hw2_image_stitching\image\bookshelf\DSC04165.JPG
382 574

1 0 286.5 
0 1 190.5 
0 0 1 

0.998279 -0.0126267 -0.0572619 
-0.0329167 0.687486 -0.725451 
0.0485268 0.726087 0.685888 

577.161

\\Mac\Home\Desktop\vfx_hw2_image_stitching\image\bookshelf\DSC04166.JPG
382 574

1 0 286.5 
0 1 190.5 
0 0 1 

0.998893 -0.00420911 -0.0468474 
-0.0208626 0.853009 -0.521479 
0.0421562 0.521879 0.851977 

575.248

\\Mac\Home\Desktop\vfx_hw2_image_stitching\image\bookshelf\DSC04167.JPG
382 574

1 0 286.5 
0 1 190.5 
0 0 1 

0.99879 0.00692439 -0.0486984 
-0.0236551 0.935656 -0.352118 
0.0431267 0.352844 0.934688 

574.197

\\Mac\Home\Desktop\vfx_hw2_image_stitching\image\bookshelf\DSC04168.JPG
382 574

1 0 286.5 
0 1 190.5 
0 0 1 

0.998899 0.00496659 -0.0466399 
-0.0130424 0.984573 -0.174487 
0.0450538 0.174903 0.983554 

572.999

\\Mac\Home\Desktop\vfx_hw2_image_stitching\image\bookshelf\DSC04142.JPG
77 115

1 0 57 
0 1 38 
0 0 1 

0.999611 -0.0205311 -0.0188701 
0.0161699 0.97808 -0.2076 
0.0227187 0.207214 0.978032 

114.981

