\\Mac\Home\Desktop\vfx_hw2_image_stitching\image\grail\grail01.jpg
384 512

1 0 255.5 
0 1 191.5 
0 0 1 

0.999842 0.0177684 -0.000956735 
-0.0177684 0.999842 1.68475e-005 
0.000956875 1.06206e-008 0.999999 

626.526

\\Mac\Home\Desktop\vfx_hw2_image_stitching\image\grail\grail02.jpg
384 512

1 0 255.5 
0 1 191.5 
0 0 1 

0.999824 0.0180586 0.0050136 
-0.0186852 0.939731 0.341402 
0.00145382 -0.341436 0.939904 

626.212

\\Mac\Home\Desktop\vfx_hw2_image_stitching\image\grail\grail03.jpg
384 512

1 0 255.5 
0 1 191.5 
0 0 1 

0.999864 0.0135404 0.00945292 
-0.0164477 0.765475 0.643255 
0.00147396 -0.643323 0.765593 

627.513

\\Mac\Home\Desktop\vfx_hw2_image_stitching\image\grail\grail04.jpg
384 512

1 0 255.5 
0 1 191.5 
0 0 1 

0.999839 0.0106951 0.0143846 
-0.0178159 0.504573 0.863185 
0.00197377 -0.863303 0.504682 

627.905

\\Mac\Home\Desktop\vfx_hw2_image_stitching\image\grail\grail05.jpg
384 512

1 0 255.5 
0 1 191.5 
0 0 1 

0.999889 0.00446934 0.0141901 
-0.0147539 0.17531 0.984402 
0.00191195 -0.984503 0.175356 

627.971

\\Mac\Home\Desktop\vfx_hw2_image_stitching\image\grail\grail06.jpg
384 512

1 0 255.5 
0 1 191.5 
0 0 1 

0.999846 -0.00191375 0.0174265 
-0.0174961 -0.171846 0.984969 
0.00110972 -0.985122 -0.171853 

625.389

\\Mac\Home\Desktop\vfx_hw2_image_stitching\image\grail\grail07.jpg
384 512

1 0 255.5 
0 1 191.5 
0 0 1 

0.999911 -0.00590974 0.0119155 
-0.0132725 -0.501459 0.86508 
0.00086274 -0.865161 -0.501493 

627.44

\\Mac\Home\Desktop\vfx_hw2_image_stitching\image\grail\grail08.jpg
384 512

1 0 255.5 
0 1 191.5 
0 0 1 

0.999855 -0.0132653 0.0106675 
-0.0170196 -0.767606 0.640696 
-0.000310595 -0.640785 -0.76772 

627.626

\\Mac\Home\Desktop\vfx_hw2_image_stitching\image\grail\grail09.jpg
384 512

1 0 255.5 
0 1 191.5 
0 0 1 

0.999869 -0.0153089 0.00517346 
-0.0161582 -0.94318 0.331891 
-0.000201422 -0.331931 -0.943303 

628.308

\\Mac\Home\Desktop\vfx_hw2_image_stitching\image\grail\grail10.jpg
384 512

1 0 255.5 
0 1 191.5 
0 0 1 

0.99983 -0.0184405 -0.000148301 
-0.0184411 -0.999782 -0.00981185 
3.26614e-005 0.00981286 -0.999952 

628.662

\\Mac\Home\Desktop\vfx_hw2_image_stitching\image\grail\grail11.jpg
384 512

1 0 255.5 
0 1 191.5 
0 0 1 

0.999807 -0.0186133 -0.00623449 
-0.0196198 -0.937486 -0.347469 
0.000622825 0.347525 -0.937671 

628.774

\\Mac\Home\Desktop\vfx_hw2_image_stitching\image\grail\grail12.jpg
384 512

1 0 255.5 
0 1 191.5 
0 0 1 

0.999799 -0.0163376 -0.0116245 
-0.0199763 -0.761542 -0.647808 
0.00173112 0.647909 -0.761715 

629.861

\\Mac\Home\Desktop\vfx_hw2_image_stitching\image\grail\grail13.jpg
384 512

1 0 255.5 
0 1 191.5 
0 0 1 

0.999869 -0.00965932 -0.0129791 
-0.0160565 -0.493938 -0.869349 
0.00198646 0.869443 -0.494028 

628.739

\\Mac\Home\Desktop\vfx_hw2_image_stitching\image\grail\grail14.jpg
384 512

1 0 255.5 
0 1 191.5 
0 0 1 

0.999901 -0.00400877 -0.0135034 
-0.0140045 -0.180013 -0.983564 
0.00151207 0.983656 -0.180051 

630.962

\\Mac\Home\Desktop\vfx_hw2_image_stitching\image\grail\grail15.jpg
384 512

1 0 255.5 
0 1 191.5 
0 0 1 

0.999921 0.00167369 -0.0124834 
-0.012585 0.172326 -0.984959 
0.000502647 0.985038 0.172334 

629.969

\\Mac\Home\Desktop\vfx_hw2_image_stitching\image\grail\grail16.jpg
384 512

1 0 255.5 
0 1 191.5 
0 0 1 

0.999848 0.0114145 -0.0131475 
-0.0170845 0.497615 -0.86723 
-0.00335654 0.867323 0.497735 

630.369

\\Mac\Home\Desktop\vfx_hw2_image_stitching\image\grail\grail17.jpg
384 512

1 0 255.5 
0 1 191.5 
0 0 1 

0.999822 0.0172494 -0.00764486 
-0.0181486 0.768456 -0.639645 
-0.00515878 0.63967 0.768632 

629.729

\\Mac\Home\Desktop\vfx_hw2_image_stitching\image\grail\grail00.jpg
384 512

1 0 255.5 
0 1 191.5 
0 0 1 

0.999852 0.0164974 -0.00492162 
-0.0172099 0.950277 -0.310928 
-0.000452615 0.310967 0.95042 

629.048

